# Number of loci
1000000

# Sampling Vector
2 0 0 0 0 0 0 0 0 0 0 0 0 0 0

# Initial deme sizes
1 1 1 1 1 1 1 1 1 1 1 1 1 1 1

# Initial migration matrix
0. 0.55 0.55 0.55 0.55 0.55 0.55 0.55 0.55 0.55 0. 0. 0. 0. 0.
0.55 0. 0.55 0.55 0.55 0.55 0.55 0.55 0.55 0.55 0. 0. 0. 0. 0.
0.55 0.55 0. 0.55 0.55 0.55 0.55 0.55 0.55 0.55 0. 0. 0. 0. 0.
0.55 0.55 0.55 0. 0.55 0.55 0.55 0.55 0.55 0.55 0. 0. 0. 0. 0.
0.55 0.55 0.55 0.55 0. 0.55 0.55 0.55 0.55 0.55 0. 0. 0. 0. 0.
0.55 0.55 0.55 0.55 0.55 0. 0.55 0.55 0.55 0.55 0. 0. 0. 0. 0.
0.55 0.55 0.55 0.55 0.55 0.55 0. 0.55 0.55 0.55 0. 0. 0. 0. 0.
0.55 0.55 0.55 0.55 0.55 0.55 0.55 0. 0.55 0.55 0. 0. 0. 0. 0.
0.55 0.55 0.55 0.55 0.55 0.55 0.55 0.55 0. 0.55 0. 0. 0. 0. 0.
0.55 0.55 0.55 0.55 0.55 0.55 0.55 0.55 0.55 0. 0. 0. 0. 0. 0.
0. 0. 0. 0. 0. 0. 0. 0. 0. 0. 0. 0. 0. 0. 0.
0. 0. 0. 0. 0. 0. 0. 0. 0. 0. 0. 0. 0. 0. 0.
0. 0. 0. 0. 0. 0. 0. 0. 0. 0. 0. 0. 0. 0. 0.
0. 0. 0. 0. 0. 0. 0. 0. 0. 0. 0. 0. 0. 0. 0.
0. 0. 0. 0. 0. 0. 0. 0. 0. 0. 0. 0. 0. 0. 0.

# Time of change
1

# Deme sizes
1 1 1 1 1 1 1 1 1 1 1 1 1 1 1

# Migration matrix
0. 0.55 0.55 0.55 0.55 0.55 0.55 0.55 0.55 0.55 0. 0. 0. 0. 0.
0.55 0. 0.55 0.55 0.55 0.55 0.55 0.55 0.55 0.55 0. 0. 0. 0. 0.
0.55 0.55 0. 0.55 0.55 0.55 0.55 0.55 0.55 0.55 0. 0. 0. 0. 0.
0.55 0.55 0.55 0. 0.55 0.55 0.55 0.55 0.55 0.55 0. 0. 0. 0. 0.
0.55 0.55 0.55 0.55 0. 0.55 0.55 0.55 0.55 0.55 0. 0. 0. 0. 0.
0.55 0.55 0.55 0.55 0.55 0. 0.55 0.55 0.55 0.55 0. 0. 0. 0. 0.
0.55 0.55 0.55 0.55 0.55 0.55 0. 0.55 0.55 0.55 0. 0. 0. 0. 0.
0.55 0.55 0.55 0.55 0.55 0.55 0.55 0. 0.55 0.55 0. 0. 0. 0. 0.
0.55 0.55 0.55 0.55 0.55 0.55 0.55 0.55 0. 0.55 0. 0. 0. 0. 0.
0.55 0.55 0.55 0.55 0.55 0.55 0.55 0.55 0.55 0. 0. 0. 0. 0. 0.
0. 0. 0. 0. 0. 0. 0. 0. 0. 0. 0. 0.375 0.375 0.375 0.375
0. 0. 0. 0. 0. 0. 0. 0. 0. 0. 0.375 0. 0.375 0.375 0.375
0. 0. 0. 0. 0. 0. 0. 0. 0. 0. 0.375 0.375 0. 0.375 0.375
0. 0. 0. 0. 0. 0. 0. 0. 0. 0. 0.375 0.375 0.375 0. 0.375
0. 0. 0. 0. 0. 0. 0. 0. 0. 0. 0.375 0.375 0.375 0.375 0.

# Time of change
3

# Deme sizes
1 1 1 1 1 1 1 1 1 1 1 1 1 1 1

# Migration matrix
0. 0.55 0.55 0.55 0.55 0.55 0.55 0.55 0.55 0.55 0. 0. 0. 0. 0.
0.55 0. 0.55 0.55 0.55 0.55 0.55 0.55 0.55 0.55 0. 0. 0. 0. 0.
0.55 0.55 0. 0.55 0.55 0.55 0.55 0.55 0.55 0.55 0. 0. 0. 0. 0.
0.55 0.55 0.55 0. 0.55 0.55 0.55 0.55 0.55 0.55 0. 0. 0. 0. 0.
0.55 0.55 0.55 0.55 0. 0.55 0.55 0.55 0.55 0.55 0. 0. 0. 0. 0.
0.55 0.55 0.55 0.55 0.55 0. 0.55 0.55 0.55 0.55 0. 0. 0. 0. 0.
0.55 0.55 0.55 0.55 0.55 0.55 0. 0.55 0.55 0.55 0. 0. 0. 0. 0.
0.55 0.55 0.55 0.55 0.55 0.55 0.55 0. 0.55 0.55 0. 0. 0. 0. 0.
0.55 0.55 0.55 0.55 0.55 0.55 0.55 0.55 0. 0.55 0. 0. 0. 0. 0.
0.55 0.55 0.55 0.55 0.55 0.55 0.55 0.55 0.55 0. 0. 0. 0. 0. 0.
0. 0. 0. 0. 0. 0. 0. 0. 0. 0. 0. 2.0 2.0 2.0 2.0
0. 0. 0. 0. 0. 0. 0. 0. 0. 0. 2.0 0. 2.0 2.0 2.0
0. 0. 0. 0. 0. 0. 0. 0. 0. 0. 2.0 2.0 0. 2.0 2.0
0. 0. 0. 0. 0. 0. 0. 0. 0. 0. 2.0 2.0 2.0 0. 2.0
0. 0. 0. 0. 0. 0. 0. 0. 0. 0. 2.0 2.0 2.0 2.0 0.

# Time of change
4.5

# Deme sizes
1 1 1 1 1 1 1 1 1 1 1 1 1 1 1

# Migration matrix
0. 4.0 4.0 4.0 4.0 4.0 4.0 4.0 4.0 4.0 0. 0. 0. 0. 0.
4.0 0. 4.0 4.0 4.0 4.0 4.0 4.0 4.0 4.0 0. 0. 0. 0. 0.
4.0 4.0 0. 4.0 4.0 4.0 4.0 4.0 4.0 4.0 0. 0. 0. 0. 0.
4.0 4.0 4.0 0. 4.0 4.0 4.0 4.0 4.0 4.0 0. 0. 0. 0. 0.
4.0 4.0 4.0 4.0 0. 4.0 4.0 4.0 4.0 4.0 0. 0. 0. 0. 0.
4.0 4.0 4.0 4.0 4.0 0. 4.0 4.0 4.0 4.0 0. 0. 0. 0. 0.
4.0 4.0 4.0 4.0 4.0 4.0 0. 4.0 4.0 4.0 0. 0. 0. 0. 0.
4.0 4.0 4.0 4.0 4.0 4.0 4.0 0. 4.0 4.0 0. 0. 0. 0. 0.
4.0 4.0 4.0 4.0 4.0 4.0 4.0 4.0 0. 4.0 0. 0. 0. 0. 0.
4.0 4.0 4.0 4.0 4.0 4.0 4.0 4.0 4.0 0. 0. 0. 0. 0. 0.
0. 0. 0. 0. 0. 0. 0. 0. 0. 0. 0. 2.0 2.0 2.0 2.0
0. 0. 0. 0. 0. 0. 0. 0. 0. 0. 2.0 0. 2.0 2.0 2.0
0. 0. 0. 0. 0. 0. 0. 0. 0. 0. 2.0 2.0 0. 2.0 2.0
0. 0. 0. 0. 0. 0. 0. 0. 0. 0. 2.0 2.0 2.0 0. 2.0
0. 0. 0. 0. 0. 0. 0. 0. 0. 0. 2.0 2.0 2.0 2.0 0.

# Time of change
14

# Deme sizes
1 1 1 1 1 1 1 1 1 1 1 1 1 1 1

# Migration matrix
0. 4.0 4.0 4.0 4.0 4.0 4.0 4.0 4.0 4.0 0. 0. 0. 0. 0.
4.0 0. 4.0 4.0 4.0 4.0 4.0 4.0 4.0 4.0 0. 0. 0. 0. 0.
4.0 4.0 0. 4.0 4.0 4.0 4.0 4.0 4.0 4.0 0. 0. 0. 0. 0.
4.0 4.0 4.0 0. 4.0 4.0 4.0 4.0 4.0 4.0 0. 0. 0. 0. 0.
4.0 4.0 4.0 4.0 0. 4.0 4.0 4.0 4.0 4.0 0. 0. 0. 0. 0.
4.0 4.0 4.0 4.0 4.0 0. 4.0 4.0 4.0 4.0 0. 0. 0. 0. 0.
4.0 4.0 4.0 4.0 4.0 4.0 0. 4.0 4.0 4.0 0. 0. 0. 0. 0.
4.0 4.0 4.0 4.0 4.0 4.0 4.0 0. 4.0 4.0 0. 0. 0. 0. 0.
4.0 4.0 4.0 4.0 4.0 4.0 4.0 4.0 0. 4.0 0. 0. 0. 0. 0.
4.0 4.0 4.0 4.0 4.0 4.0 4.0 4.0 4.0 0. 0. 0. 0. 0. 0.
0. 0. 0. 0. 0. 0. 0. 0. 0. 0. 0. .012 .012 .012 .012
0. 0. 0. 0. 0. 0. 0. 0. 0. 0. .012 0. .012 .012 .012
0. 0. 0. 0. 0. 0. 0. 0. 0. 0. .012 .012 0. .012 .012
0. 0. 0. 0. 0. 0. 0. 0. 0. 0. .012 .012 .012 0. .012
0. 0. 0. 0. 0. 0. 0. 0. 0. 0. .012 .012 .012 .012 0.

# Time of change
18

# Deme sizes
1 1 1 1 1 1 1 1 1 1 1 1 1 1 1

# Migration matrix
0. 0.55 0.55 0.55 0.55 0.55 0.55 0.55 0.55 0.55 0. 0. 0. 0. 0.
0.55 0. 0.55 0.55 0.55 0.55 0.55 0.55 0.55 0.55 0. 0. 0. 0. 0.
0.55 0.55 0. 0.55 0.55 0.55 0.55 0.55 0.55 0.55 0. 0. 0. 0. 0.
0.55 0.55 0.55 0. 0.55 0.55 0.55 0.55 0.55 0.55 0. 0. 0. 0. 0.
0.55 0.55 0.55 0.55 0. 0.55 0.55 0.55 0.55 0.55 0. 0. 0. 0. 0.
0.55 0.55 0.55 0.55 0.55 0. 0.55 0.55 0.55 0.55 0. 0. 0. 0. 0.
0.55 0.55 0.55 0.55 0.55 0.55 0. 0.55 0.55 0.55 0. 0. 0. 0. 0.
0.55 0.55 0.55 0.55 0.55 0.55 0.55 0. 0.55 0.55 0. 0. 0. 0. 0.
0.55 0.55 0.55 0.55 0.55 0.55 0.55 0.55 0. 0.55 0. 0. 0. 0. 0.
0.55 0.55 0.55 0.55 0.55 0.55 0.55 0.55 0.55 0. 0. 0. 0. 0. 0.
0. 0. 0. 0. 0. 0. 0. 0. 0. 0. 0. .012 .012 .012 .012
0. 0. 0. 0. 0. 0. 0. 0. 0. 0. .012 0. .012 .012 .012
0. 0. 0. 0. 0. 0. 0. 0. 0. 0. .012 .012 0. .012 .012
0. 0. 0. 0. 0. 0. 0. 0. 0. 0. .012 .012 .012 0. .012
0. 0. 0. 0. 0. 0. 0. 0. 0. 0. .012 .012 .012 .012 0.

# Time of change
47.5

# Deme sizes
1 1 1 1 1 1 1 1 1 1 1 1 1 1 1

# Migration matrix
0. 0.85 0.85 0.85 0.85 0.85 0.85 0.85 0.85 0.85 0. 0. 0. 0. 0.
0.85 0. 0.85 0.85 0.85 0.85 0.85 0.85 0.85 0.85 0. 0. 0. 0. 0.
0.85 0.85 0. 0.85 0.85 0.85 0.85 0.85 0.85 0.85 0. 0. 0. 0. 0.
0.85 0.85 0.85 0. 0.85 0.85 0.85 0.85 0.85 0.85 0. 0. 0. 0. 0.
0.85 0.85 0.85 0.85 0. 0.85 0.85 0.85 0.85 0.85 0. 0. 0. 0. 0.
0.85 0.85 0.85 0.85 0.85 0. 0.85 0.85 0.85 0.85 0. 0. 0. 0. 0.
0.85 0.85 0.85 0.85 0.85 0.85 0. 0.85 0.85 0.85 0. 0. 0. 0. 0.
0.85 0.85 0.85 0.85 0.85 0.85 0.85 0. 0.85 0.85 0. 0. 0. 0. 0.
0.85 0.85 0.85 0.85 0.85 0.85 0.85 0.85 0. 0.85 0. 0. 0. 0. 0.
0.85 0.85 0.85 0.85 0.85 0.85 0.85 0.85 0.85 0. 0. 0. 0. 0. 0.
0. 0. 0. 0. 0. 0. 0. 0. 0. 0. 0. .012 .012 .012 .012
0. 0. 0. 0. 0. 0. 0. 0. 0. 0. .012 0. .012 .012 .012
0. 0. 0. 0. 0. 0. 0. 0. 0. 0. .012 .012 0. .012 .012
0. 0. 0. 0. 0. 0. 0. 0. 0. 0. .012 .012 .012 0. .012
0. 0. 0. 0. 0. 0. 0. 0. 0. 0. .012 .012 .012 .012 0.

# Time of change
90

# Deme sizes
1 1 1 1 1 1 1 1 1 1 1 1 1 1 1

# Migration matrix
0. 0.85 0.85 0.85 0.85 0.85 0.85 0.85 0.85 0.85 0. 0. 0. 0. 0.
0.85 0. 0.85 0.85 0.85 0.85 0.85 0.85 0.85 0.85 0. 0. 0. 0. 0.
0.85 0.85 0. 0.85 0.85 0.85 0.85 0.85 0.85 0.85 0. 0. 0. 0. 0.
0.85 0.85 0.85 0. 0.85 0.85 0.85 0.85 0.85 0.85 0. 0. 0. 0. 0.
0.85 0.85 0.85 0.85 0. 0.85 0.85 0.85 0.85 0.85 0. 0. 0. 0. 0.
0.85 0.85 0.85 0.85 0.85 0. 0.85 0.85 0.85 0.85 0. 0. 0. 0. 0.
0.85 0.85 0.85 0.85 0.85 0.85 0. 0.85 0.85 0.85 0. 0. 0. 0. 0.
0.85 0.85 0.85 0.85 0.85 0.85 0.85 0. 0.85 0.85 0. 0. 0. 0. 0.
0.85 0.85 0.85 0.85 0.85 0.85 0.85 0.85 0. 0.85 0. 0. 0. 0. 0.
0.85 0.85 0.85 0.85 0.85 0.85 0.85 0.85 0.85 0. 0. 0. 0. 0. 0.
0. 0. 0. 0. 0. 0. 0. 0. 0. 0. 0. 2.0 2.0 2.0 2.0
0. 0. 0. 0. 0. 0. 0. 0. 0. 0. 2.0 0. 2.0 2.0 2.0
0. 0. 0. 0. 0. 0. 0. 0. 0. 0. 2.0 2.0 0. 2.0 2.0
0. 0. 0. 0. 0. 0. 0. 0. 0. 0. 2.0 2.0 2.0 0. 2.0
0. 0. 0. 0. 0. 0. 0. 0. 0. 0. 2.0 2.0 2.0 2.0 0.

